13411
14634
10014
9034
9547
8952
9436
10312
9430
9317
9304
8684
8521
8707
8008
8011
8082
7928
7817
8425
7970
8688
8491
8653
8680
9117
9138
9649
9045
9378
9154
9190
9357
9320
9020
9582
9647
9768
9691
9747
10009
10402
10689
10985
11929
11581
12091
11746
11445
11333
11409
11783
12054
12454
12709
12728
12789
13024
12633
12488
12773
12388
12379
12427
12533
12586
12844
13338
13403
13679
13814
14258
14041
14373
15054
14934
15440
15745
15777
16016
15768
16349
16173
16013
16073
16543
16229
16461
16936
17009
17051
17282
17627
17251
17841
18143
18796
18524
19254
19343
19386
19589
19310
19524
19897
19980
19897
19660
18933
19298
19040
18237
18438
18229
17808
17879
17786
17483
17337
17440
17623
17648
17541
17647
17627
17862
18438
18474
18282
18012
18048
17838
17693
17026
17031
15819
16183
15483
15046
14453
14110
13259
12801
12245
11876
11142
10885
10307
9906
9652
9164
8998
8977
8875
8822
8907
8911
8934
9195
9114
9326
9232
9378
9638
9719
9686
10084
9844
9623
9673
9851
10092
9955
9966
10013
10113
10001
10206
10276
10308
10531
10777
10689
10641
10877
11113
11047
11142
11416
11340
11391
11570
11685
11384
11599
11552
11616
11578
11369
11216
11334
11117
11167
11368
11644
11708
11578
11580
10539
8470
7868
8149
7942
8102
7990
6193
5658
7925
4330
413
399
431
415
480
442
409
407
452
442
378
414
467
426
405
456
431
400
440
449
439
450
401
430
434
487
457
448
415
463
377
304
195
104
37
11
0
